 Charge State log10(Te (eV)) log10(Electron Density (cm-3)) log10(Coefficient) te intervals          29 ne intervals          24 z           1
           1 -0.69896999999999998        7.6989700000000001       -47.149389999999997     
           1 -0.69896999999999998        8.0000000000000000       -47.149389999999997     
           1 -0.69896999999999998        8.3010300000000008       -47.149389999999997     
           1 -0.69896999999999998        8.6989699999999992       -47.149389999999997     
           1 -0.69896999999999998        9.0000000000000000       -47.149389999999997     
           1 -0.69896999999999998        9.3010300000000008       -47.149389999999997     
           1 -0.69896999999999998        9.6989699999999992       -47.149389999999997     
           1 -0.69896999999999998        10.000000000000000       -47.149389999999997     
           1 -0.69896999999999998        10.301030000000001       -47.149389999999997     
           1 -0.69896999999999998        10.698969999999999       -47.149389999999997     
           1 -0.69896999999999998        11.000000000000000       -47.149389999999997     
           1 -0.69896999999999998        11.301030000000001       -47.149389999999997     
           1 -0.69896999999999998        11.698969999999999       -47.149400000000000     
           1 -0.69896999999999998        12.000000000000000       -47.149400000000000     
           1 -0.69896999999999998        12.301030000000001       -47.149419999999999     
           1 -0.69896999999999998        12.698969999999999       -47.149459999999998     
           1 -0.69896999999999998        13.000000000000000       -47.149540000000002     
           1 -0.69896999999999998        13.301030000000001       -47.149679999999996     
           1 -0.69896999999999998        13.698969999999999       -47.150120000000001     
           1 -0.69896999999999998        14.000000000000000       -47.150860000000002     
           1 -0.69896999999999998        14.301030000000001       -47.152320000000003     
           1 -0.69896999999999998        14.698969999999999       -47.156689999999998     
           1 -0.69896999999999998        15.000000000000000       -47.163870000000003     
           1 -0.69896999999999998        15.301030000000001       -47.177880000000002     
           1 -0.52288000000000001        7.6989700000000001       -39.863779999999998     
           1 -0.52288000000000001        8.0000000000000000       -39.863779999999998     
           1 -0.52288000000000001        8.3010300000000008       -39.863779999999998     
           1 -0.52288000000000001        8.6989699999999992       -39.863779999999998     
           1 -0.52288000000000001        9.0000000000000000       -39.863779999999998     
           1 -0.52288000000000001        9.3010300000000008       -39.863779999999998     
           1 -0.52288000000000001        9.6989699999999992       -39.863779999999998     
           1 -0.52288000000000001        10.000000000000000       -39.863779999999998     
           1 -0.52288000000000001        10.301030000000001       -39.863779999999998     
           1 -0.52288000000000001        10.698969999999999       -39.863779999999998     
           1 -0.52288000000000001        11.000000000000000       -39.863779999999998     
           1 -0.52288000000000001        11.301030000000001       -39.863779999999998     
           1 -0.52288000000000001        11.698969999999999       -39.863790000000002     
           1 -0.52288000000000001        12.000000000000000       -39.863790000000002     
           1 -0.52288000000000001        12.301030000000001       -39.863810000000001     
           1 -0.52288000000000001        12.698969999999999       -39.863840000000003     
           1 -0.52288000000000001        13.000000000000000       -39.863900000000001     
           1 -0.52288000000000001        13.301030000000001       -39.864030000000000     
           1 -0.52288000000000001        13.698969999999999       -39.864379999999997     
           1 -0.52288000000000001        14.000000000000000       -39.864989999999999     
           1 -0.52288000000000001        14.301030000000001       -39.866180000000000     
           1 -0.52288000000000001        14.698969999999999       -39.869729999999997     
           1 -0.52288000000000001        15.000000000000000       -39.875579999999999     
           1 -0.52288000000000001        15.301030000000001       -39.887050000000002     
           1 -0.30103000000000002        7.6989700000000001       -34.056939999999997     
           1 -0.30103000000000002        8.0000000000000000       -34.056939999999997     
           1 -0.30103000000000002        8.3010300000000008       -34.056950000000001     
           1 -0.30103000000000002        8.6989699999999992       -34.056950000000001     
           1 -0.30103000000000002        9.0000000000000000       -34.056959999999997     
           1 -0.30103000000000002        9.3010300000000008       -34.056970000000000     
           1 -0.30103000000000002        9.6989699999999992       -34.056980000000003     
           1 -0.30103000000000002        10.000000000000000       -34.056989999999999     
           1 -0.30103000000000002        10.301030000000001       -34.057009999999998     
           1 -0.30103000000000002        10.698969999999999       -34.057029999999997     
           1 -0.30103000000000002        11.000000000000000       -34.057049999999997     
           1 -0.30103000000000002        11.301030000000001       -34.057079999999999     
           1 -0.30103000000000002        11.698969999999999       -34.057130000000001     
           1 -0.30103000000000002        12.000000000000000       -34.057180000000002     
           1 -0.30103000000000002        12.301030000000001       -34.057259999999999     
           1 -0.30103000000000002        12.698969999999999       -34.057420000000000     
           1 -0.30103000000000002        13.000000000000000       -34.057609999999997     
           1 -0.30103000000000002        13.301030000000001       -34.057929999999999     
           1 -0.30103000000000002        13.698969999999999       -34.058700000000002     
           1 -0.30103000000000002        14.000000000000000       -34.059800000000003     
           1 -0.30103000000000002        14.301030000000001       -34.061740000000000     
           1 -0.30103000000000002        14.698969999999999       -34.066929999999999     
           1 -0.30103000000000002        15.000000000000000       -34.075000000000003     
           1 -0.30103000000000002        15.301030000000001       -34.090449999999997     
           1 -0.15490000000000001        7.6989700000000001       -31.554130000000001     
           1 -0.15490000000000001        8.0000000000000000       -31.554160000000000     
           1 -0.15490000000000001        8.3010300000000008       -31.554179999999999     
           1 -0.15490000000000001        8.6989699999999992       -31.554230000000000     
           1 -0.15490000000000001        9.0000000000000000       -31.554269999999999     
           1 -0.15490000000000001        9.3010300000000008       -31.554320000000001     
           1 -0.15490000000000001        9.6989699999999992       -31.554400000000001     
           1 -0.15490000000000001        10.000000000000000       -31.554469999999998     
           1 -0.15490000000000001        10.301030000000001       -31.554549999999999     
           1 -0.15490000000000001        10.698969999999999       -31.554680000000001     
           1 -0.15490000000000001        11.000000000000000       -31.554810000000000     
           1 -0.15490000000000001        11.301030000000001       -31.554960000000001     
           1 -0.15490000000000001        11.698969999999999       -31.555240000000001     
           1 -0.15490000000000001        12.000000000000000       -31.555520000000001     
           1 -0.15490000000000001        12.301030000000001       -31.555890000000002     
           1 -0.15490000000000001        12.698969999999999       -31.556590000000000     
           1 -0.15490000000000001        13.000000000000000       -31.557359999999999     
           1 -0.15490000000000001        13.301030000000001       -31.558470000000000     
           1 -0.15490000000000001        13.698969999999999       -31.560820000000000     
           1 -0.15490000000000001        14.000000000000000       -31.563739999999999     
           1 -0.15490000000000001        14.301030000000001       -31.568280000000001     
           1 -0.15490000000000001        14.698969999999999       -31.579180000000001     
           1 -0.15490000000000001        15.000000000000000       -31.595260000000000     
           1 -0.15490000000000001        15.301030000000001       -31.624970000000001     
           1   0.0000000000000000        7.6989700000000001       -29.664320000000000     
           1   0.0000000000000000        8.0000000000000000       -29.664410000000000     
           1   0.0000000000000000        8.3010300000000008       -29.664510000000000     
           1   0.0000000000000000        8.6989699999999992       -29.664680000000001     
           1   0.0000000000000000        9.0000000000000000       -29.664840000000002     
           1   0.0000000000000000        9.3010300000000008       -29.665019999999998     
           1   0.0000000000000000        9.6989699999999992       -29.665310000000002     
           1   0.0000000000000000        10.000000000000000       -29.665559999999999     
           1   0.0000000000000000        10.301030000000001       -29.665870000000002     
           1   0.0000000000000000        10.698969999999999       -29.666350000000001     
           1   0.0000000000000000        11.000000000000000       -29.666810000000002     
           1   0.0000000000000000        11.301030000000001       -29.667380000000001     
           1   0.0000000000000000        11.698969999999999       -29.668350000000000     
           1   0.0000000000000000        12.000000000000000       -29.669309999999999     
           1   0.0000000000000000        12.301030000000001       -29.670549999999999     
           1   0.0000000000000000        12.698969999999999       -29.672760000000000     
           1   0.0000000000000000        13.000000000000000       -29.675049999999999     
           1   0.0000000000000000        13.301030000000001       -29.678129999999999     
           1   0.0000000000000000        13.698969999999999       -29.684200000000001     
           1   0.0000000000000000        14.000000000000000       -29.691040000000001     
           1   0.0000000000000000        14.301030000000001       -29.700920000000000     
           1   0.0000000000000000        14.698969999999999       -29.723520000000001     
           1   0.0000000000000000        15.000000000000000       -29.755769999999998     
           1   0.0000000000000000        15.301030000000001       -29.812550000000002     
           1  0.17609000000000000        7.6989700000000001       -28.188469999999999     
           1  0.17609000000000000        8.0000000000000000       -28.188710000000000     
           1  0.17609000000000000        8.3010300000000008       -28.188990000000000     
           1  0.17609000000000000        8.6989699999999992       -28.189450000000001     
           1  0.17609000000000000        9.0000000000000000       -28.189859999999999     
           1  0.17609000000000000        9.3010300000000008       -28.190349999999999     
           1  0.17609000000000000        9.6989699999999992       -28.191109999999998     
           1  0.17609000000000000        10.000000000000000       -28.191800000000001     
           1  0.17609000000000000        10.301030000000001       -28.192589999999999     
           1  0.17609000000000000        10.698969999999999       -28.193870000000000     
           1  0.17609000000000000        11.000000000000000       -28.195070000000001     
           1  0.17609000000000000        11.301030000000001       -28.196539999999999     
           1  0.17609000000000000        11.698969999999999       -28.199030000000000     
           1  0.17609000000000000        12.000000000000000       -28.201460000000001     
           1  0.17609000000000000        12.301030000000001       -28.204499999999999     
           1  0.17609000000000000        12.698969999999999       -28.209740000000000     
           1  0.17609000000000000        13.000000000000000       -28.214929999999999     
           1  0.17609000000000000        13.301030000000001       -28.221699999999998     
           1  0.17609000000000000        13.698969999999999       -28.234290000000001     
           1  0.17609000000000000        14.000000000000000       -28.247560000000000     
           1  0.17609000000000000        14.301030000000001       -28.266060000000000     
           1  0.17609000000000000        14.698969999999999       -28.307569999999998     
           1  0.17609000000000000        15.000000000000000       -28.364680000000000     
           1  0.17609000000000000        15.301030000000001       -28.458690000000001     
           1  0.30103000000000002        7.6989700000000001       -27.445509999999999     
           1  0.30103000000000002        8.0000000000000000       -27.445879999999999     
           1  0.30103000000000002        8.3010300000000008       -27.446330000000000     
           1  0.30103000000000002        8.6989699999999992       -27.447050000000001     
           1  0.30103000000000002        9.0000000000000000       -27.447720000000000     
           1  0.30103000000000002        9.3010300000000008       -27.448490000000000     
           1  0.30103000000000002        9.6989699999999992       -27.449700000000000     
           1  0.30103000000000002        10.000000000000000       -27.450780000000002     
           1  0.30103000000000002        10.301030000000001       -27.452040000000000     
           1  0.30103000000000002        10.698969999999999       -27.454070000000002     
           1  0.30103000000000002        11.000000000000000       -27.455960000000001     
           1  0.30103000000000002        11.301030000000001       -27.458269999999999     
           1  0.30103000000000002        11.698969999999999       -27.462150000000001     
           1  0.30103000000000002        12.000000000000000       -27.465890000000002     
           1  0.30103000000000002        12.301030000000001       -27.470520000000000     
           1  0.30103000000000002        12.698969999999999       -27.478390000000001     
           1  0.30103000000000002        13.000000000000000       -27.486080000000001     
           1  0.30103000000000002        13.301030000000001       -27.495979999999999     
           1  0.30103000000000002        13.698969999999999       -27.513929999999998     
           1  0.30103000000000002        14.000000000000000       -27.532350000000001     
           1  0.30103000000000002        14.301030000000001       -27.557849999999998     
           1  0.30103000000000002        14.698969999999999       -27.614690000000000     
           1  0.30103000000000002        15.000000000000000       -27.690660000000001     
           1  0.30103000000000002        15.301030000000001       -27.809870000000000     
           1  0.47711999999999999        7.6989700000000001       -26.694330000000001     
           1  0.47711999999999999        8.0000000000000000       -26.694900000000001     
           1  0.47711999999999999        8.3010300000000008       -26.695570000000000     
           1  0.47711999999999999        8.6989699999999992       -26.696670000000001     
           1  0.47711999999999999        9.0000000000000000       -26.697679999999998     
           1  0.47711999999999999        9.3010300000000008       -26.698860000000000     
           1  0.47711999999999999        9.6989699999999992       -26.700710000000001     
           1  0.47711999999999999        10.000000000000000       -26.702369999999998     
           1  0.47711999999999999        10.301030000000001       -26.704300000000000     
           1  0.47711999999999999        10.698969999999999       -26.707400000000000     
           1  0.47711999999999999        11.000000000000000       -26.710280000000001     
           1  0.47711999999999999        11.301030000000001       -26.713780000000000     
           1  0.47711999999999999        11.698969999999999       -26.719609999999999     
           1  0.47711999999999999        12.000000000000000       -26.725159999999999     
           1  0.47711999999999999        12.301030000000001       -26.731980000000000     
           1  0.47711999999999999        12.698969999999999       -26.743469999999999     
           1  0.47711999999999999        13.000000000000000       -26.754650000000002     
           1  0.47711999999999999        13.301030000000001       -26.768940000000001     
           1  0.47711999999999999        13.698969999999999       -26.794300000000000     
           1  0.47711999999999999        14.000000000000000       -26.819949999999999     
           1  0.47711999999999999        14.301030000000001       -26.855550000000001     
           1  0.47711999999999999        14.698969999999999       -26.934380000000001     
           1  0.47711999999999999        15.000000000000000       -27.035540000000001     
           1  0.47711999999999999        15.301030000000001       -27.184909999999999     
           1  0.69896999999999998        7.6989700000000001       -26.080880000000001     
           1  0.69896999999999998        8.0000000000000000       -26.081620000000001     
           1  0.69896999999999998        8.3010300000000008       -26.082500000000000     
           1  0.69896999999999998        8.6989699999999992       -26.083950000000002     
           1  0.69896999999999998        9.0000000000000000       -26.085290000000001     
           1  0.69896999999999998        9.3010300000000008       -26.086860000000001     
           1  0.69896999999999998        9.6989699999999992       -26.089340000000000     
           1  0.69896999999999998        10.000000000000000       -26.091570000000001     
           1  0.69896999999999998        10.301030000000001       -26.094180000000001     
           1  0.69896999999999998        10.698969999999999       -26.098350000000000     
           1  0.69896999999999998        11.000000000000000       -26.102229999999999     
           1  0.69896999999999998        11.301030000000001       -26.106890000000000     
           1  0.69896999999999998        11.698969999999999       -26.114570000000001     
           1  0.69896999999999998        12.000000000000000       -26.121800000000000     
           1  0.69896999999999998        12.301030000000001       -26.130640000000000     
           1  0.69896999999999998        12.698969999999999       -26.145589999999999     
           1  0.69896999999999998        13.000000000000000       -26.160240000000002     
           1  0.69896999999999998        13.301030000000001       -26.179030000000001     
           1  0.69896999999999998        13.698969999999999       -26.212109999999999     
           1  0.69896999999999998        14.000000000000000       -26.245729999999998     
           1  0.69896999999999998        14.301030000000001       -26.293130000000001     
           1  0.69896999999999998        14.698969999999999       -26.397210000000001     
           1  0.69896999999999998        15.000000000000000       -26.524750000000001     
           1  0.69896999999999998        15.301030000000001       -26.702110000000001     
           1  0.84509999999999996        7.6989700000000001       -25.811540000000001     
           1  0.84509999999999996        8.0000000000000000       -25.812339999999999     
           1  0.84509999999999996        8.3010300000000008       -25.813300000000002     
           1  0.84509999999999996        8.6989699999999992       -25.814879999999999     
           1  0.84509999999999996        9.0000000000000000       -25.816360000000000     
           1  0.84509999999999996        9.3010300000000008       -25.818100000000001     
           1  0.84509999999999996        9.6989699999999992       -25.820840000000000     
           1  0.84509999999999996        10.000000000000000       -25.823319999999999     
           1  0.84509999999999996        10.301030000000001       -25.826229999999999     
           1  0.84509999999999996        10.698969999999999       -25.830890000000000     
           1  0.84509999999999996        11.000000000000000       -25.835190000000001     
           1  0.84509999999999996        11.301030000000001       -25.840340000000001     
           1  0.84509999999999996        11.698969999999999       -25.848739999999999     
           1  0.84509999999999996        12.000000000000000       -25.856580000000001     
           1  0.84509999999999996        12.301030000000001       -25.866150000000001     
           1  0.84509999999999996        12.698969999999999       -25.882410000000000     
           1  0.84509999999999996        13.000000000000000       -25.898489999999999     
           1  0.84509999999999996        13.301030000000001       -25.919229999999999     
           1  0.84509999999999996        13.698969999999999       -25.955880000000001     
           1  0.84509999999999996        14.000000000000000       -25.993580000000001     
           1  0.84509999999999996        14.301030000000001       -26.047409999999999     
           1  0.84509999999999996        14.698969999999999       -26.165009999999999     
           1  0.84509999999999996        15.000000000000000       -26.305660000000000     
           1  0.84509999999999996        15.301030000000001       -26.495760000000001     
           1   1.0000000000000000        7.6989700000000001       -25.605910000000002     
           1   1.0000000000000000        8.0000000000000000       -25.606750000000002     
           1   1.0000000000000000        8.3010300000000008       -25.607759999999999     
           1   1.0000000000000000        8.6989699999999992       -25.609420000000000     
           1   1.0000000000000000        9.0000000000000000       -25.610980000000001     
           1   1.0000000000000000        9.3010300000000008       -25.612819999999999     
           1   1.0000000000000000        9.6989699999999992       -25.615749999999998     
           1   1.0000000000000000        10.000000000000000       -25.618410000000001     
           1   1.0000000000000000        10.301030000000001       -25.621520000000000     
           1   1.0000000000000000        10.698969999999999       -25.626519999999999     
           1   1.0000000000000000        11.000000000000000       -25.631110000000000     
           1   1.0000000000000000        11.301030000000001       -25.636559999999999     
           1   1.0000000000000000        11.698969999999999       -25.645330000000001     
           1   1.0000000000000000        12.000000000000000       -25.653449999999999     
           1   1.0000000000000000        12.301030000000001       -25.663329999999998     
           1   1.0000000000000000        12.698969999999999       -25.680199999999999     
           1   1.0000000000000000        13.000000000000000       -25.697050000000001     
           1   1.0000000000000000        13.301030000000001       -25.718930000000000     
           1   1.0000000000000000        13.698969999999999       -25.757980000000000     
           1   1.0000000000000000        14.000000000000000       -25.798800000000000     
           1   1.0000000000000000        14.301030000000001       -25.857830000000000     
           1   1.0000000000000000        14.698969999999999       -25.986270000000001     
           1   1.0000000000000000        15.000000000000000       -26.136949999999999     
           1   1.0000000000000000        15.301030000000001       -26.336330000000000     
           1   1.1760900000000001        7.6989700000000001       -25.443690000000000     
           1   1.1760900000000001        8.0000000000000000       -25.444540000000000     
           1   1.1760900000000001        8.3010300000000008       -25.445560000000000     
           1   1.1760900000000001        8.6989699999999992       -25.447250000000000     
           1   1.1760900000000001        9.0000000000000000       -25.448840000000001     
           1   1.1760900000000001        9.3010300000000008       -25.450740000000000     
           1   1.1760900000000001        9.6989699999999992       -25.453769999999999     
           1   1.1760900000000001        10.000000000000000       -25.456530000000001     
           1   1.1760900000000001        10.301030000000001       -25.459779999999999     
           1   1.1760900000000001        10.698969999999999       -25.464990000000000     
           1   1.1760900000000001        11.000000000000000       -25.469760000000001     
           1   1.1760900000000001        11.301030000000001       -25.475349999999999     
           1   1.1760900000000001        11.698969999999999       -25.484220000000001     
           1   1.1760900000000001        12.000000000000000       -25.492319999999999     
           1   1.1760900000000001        12.301030000000001       -25.502130000000001     
           1   1.1760900000000001        12.698969999999999       -25.518940000000001     
           1   1.1760900000000001        13.000000000000000       -25.535900000000002     
           1   1.1760900000000001        13.301030000000001       -25.558129999999998     
           1   1.1760900000000001        13.698969999999999       -25.598420000000001     
           1   1.1760900000000001        14.000000000000000       -25.641349999999999     
           1   1.1760900000000001        14.301030000000001       -25.704219999999999     
           1   1.1760900000000001        14.698969999999999       -25.840710000000001     
           1   1.1760900000000001        15.000000000000000       -25.998600000000000     
           1   1.1760900000000001        15.301030000000001       -26.204409999999999     
           1   1.3010299999999999        7.6989700000000001       -25.363140000000001     
           1   1.3010299999999999        8.0000000000000000       -25.363990000000001     
           1   1.3010299999999999        8.3010300000000008       -25.364999999999998     
           1   1.3010299999999999        8.6989699999999992       -25.366679999999999     
           1   1.3010299999999999        9.0000000000000000       -25.368279999999999     
           1   1.3010299999999999        9.3010300000000008       -25.370180000000001     
           1   1.3010299999999999        9.6989699999999992       -25.373249999999999     
           1   1.3010299999999999        10.000000000000000       -25.376049999999999     
           1   1.3010299999999999        10.301030000000001       -25.379349999999999     
           1   1.3010299999999999        10.698969999999999       -25.384640000000001     
           1   1.3010299999999999        11.000000000000000       -25.389460000000000     
           1   1.3010299999999999        11.301030000000001       -25.395080000000000     
           1   1.3010299999999999        11.698969999999999       -25.403919999999999     
           1   1.3010299999999999        12.000000000000000       -25.411909999999999     
           1   1.3010299999999999        12.301030000000001       -25.421530000000001     
           1   1.3010299999999999        12.698969999999999       -25.438030000000001     
           1   1.3010299999999999        13.000000000000000       -25.454760000000000     
           1   1.3010299999999999        13.301030000000001       -25.476859999999999     
           1   1.3010299999999999        13.698969999999999       -25.517340000000001     
           1   1.3010299999999999        14.000000000000000       -25.561050000000002     
           1   1.3010299999999999        14.301030000000001       -25.625520000000002     
           1   1.3010299999999999        14.698969999999999       -25.765400000000000     
           1   1.3010299999999999        15.000000000000000       -25.926290000000002     
           1   1.3010299999999999        15.301030000000001       -26.134730000000001     
           1   1.4771200000000000        7.6989700000000001       -25.284600000000001     
           1   1.4771200000000000        8.0000000000000000       -25.285419999999998     
           1   1.4771200000000000        8.3010300000000008       -25.286410000000000     
           1   1.4771200000000000        8.6989699999999992       -25.288060000000002     
           1   1.4771200000000000        9.0000000000000000       -25.289629999999999     
           1   1.4771200000000000        9.3010300000000008       -25.291519999999998     
           1   1.4771200000000000        9.6989699999999992       -25.294570000000000     
           1   1.4771200000000000        10.000000000000000       -25.297380000000000     
           1   1.4771200000000000        10.301030000000001       -25.300689999999999     
           1   1.4771200000000000        10.698969999999999       -25.306010000000001     
           1   1.4771200000000000        11.000000000000000       -25.310849999999999     
           1   1.4771200000000000        11.301030000000001       -25.316450000000000     
           1   1.4771200000000000        11.698969999999999       -25.325150000000001     
           1   1.4771200000000000        12.000000000000000       -25.332920000000001     
           1   1.4771200000000000        12.301030000000001       -25.342210000000001     
           1   1.4771200000000000        12.698969999999999       -25.358139999999999     
           1   1.4771200000000000        13.000000000000000       -25.374369999999999     
           1   1.4771200000000000        13.301030000000001       -25.395990000000001     
           1   1.4771200000000000        13.698969999999999       -25.436150000000001     
           1   1.4771200000000000        14.000000000000000       -25.480129999999999     
           1   1.4771200000000000        14.301030000000001       -25.545400000000001     
           1   1.4771200000000000        14.698969999999999       -25.687110000000001     
           1   1.4771200000000000        15.000000000000000       -25.849599999999999     
           1   1.4771200000000000        15.301030000000001       -26.059429999999999     
           1   1.6989700000000001        7.6989700000000001       -25.217520000000000     
           1   1.6989700000000001        8.0000000000000000       -25.218290000000000     
           1   1.6989700000000001        8.3010300000000008       -25.219210000000000     
           1   1.6989700000000001        8.6989699999999992       -25.220749999999999     
           1   1.6989700000000001        9.0000000000000000       -25.222220000000000     
           1   1.6989700000000001        9.3010300000000008       -25.224010000000000     
           1   1.6989700000000001        9.6989699999999992       -25.226920000000000     
           1   1.6989700000000001        10.000000000000000       -25.229600000000001     
           1   1.6989700000000001        10.301030000000001       -25.232780000000002     
           1   1.6989700000000001        10.698969999999999       -25.237909999999999     
           1   1.6989700000000001        11.000000000000000       -25.242580000000000     
           1   1.6989700000000001        11.301030000000001       -25.247959999999999     
           1   1.6989700000000001        11.698969999999999       -25.256260000000001     
           1   1.6989700000000001        12.000000000000000       -25.263620000000000     
           1   1.6989700000000001        12.301030000000001       -25.272330000000000     
           1   1.6989700000000001        12.698969999999999       -25.287250000000000     
           1   1.6989700000000001        13.000000000000000       -25.302530000000001     
           1   1.6989700000000001        13.301030000000001       -25.323070000000001     
           1   1.6989700000000001        13.698969999999999       -25.361879999999999     
           1   1.6989700000000001        14.000000000000000       -25.404979999999998     
           1   1.6989700000000001        14.301030000000001       -25.469339999999999     
           1   1.6989700000000001        14.698969999999999       -25.609529999999999     
           1   1.6989700000000001        15.000000000000000       -25.770769999999999     
           1   1.6989700000000001        15.301030000000001       -25.979540000000000     
           1   1.8451000000000000        7.6989700000000001       -25.192470000000000     
           1   1.8451000000000000        8.0000000000000000       -25.193200000000001     
           1   1.8451000000000000        8.3010300000000008       -25.194080000000000     
           1   1.8451000000000000        8.6989699999999992       -25.195530000000002     
           1   1.8451000000000000        9.0000000000000000       -25.196929999999998     
           1   1.8451000000000000        9.3010300000000008       -25.198630000000001     
           1   1.8451000000000000        9.6989699999999992       -25.201419999999999     
           1   1.8451000000000000        10.000000000000000       -25.204000000000001     
           1   1.8451000000000000        10.301030000000001       -25.207070000000002     
           1   1.8451000000000000        10.698969999999999       -25.212029999999999     
           1   1.8451000000000000        11.000000000000000       -25.216550000000002     
           1   1.8451000000000000        11.301030000000001       -25.221769999999999     
           1   1.8451000000000000        11.698969999999999       -25.229800000000001     
           1   1.8451000000000000        12.000000000000000       -25.236889999999999     
           1   1.8451000000000000        12.301030000000001       -25.245259999999998     
           1   1.8451000000000000        12.698969999999999       -25.259530000000002     
           1   1.8451000000000000        13.000000000000000       -25.274139999999999     
           1   1.8451000000000000        13.301030000000001       -25.293849999999999     
           1   1.8451000000000000        13.698969999999999       -25.331420000000001     
           1   1.8451000000000000        14.000000000000000       -25.373429999999999     
           1   1.8451000000000000        14.301030000000001       -25.436270000000000     
           1   1.8451000000000000        14.698969999999999       -25.573560000000001     
           1   1.8451000000000000        15.000000000000000       -25.732289999999999     
           1   1.8451000000000000        15.301030000000001       -25.938870000000001     
           1   2.0000000000000000        7.6989700000000001       -25.179590000000001     
           1   2.0000000000000000        8.0000000000000000       -25.180280000000000     
           1   2.0000000000000000        8.3010300000000008       -25.181100000000001     
           1   2.0000000000000000        8.6989699999999992       -25.182469999999999     
           1   2.0000000000000000        9.0000000000000000       -25.183789999999998     
           1   2.0000000000000000        9.3010300000000008       -25.185400000000001     
           1   2.0000000000000000        9.6989699999999992       -25.188050000000000     
           1   2.0000000000000000        10.000000000000000       -25.190510000000000     
           1   2.0000000000000000        10.301030000000001       -25.193439999999999     
           1   2.0000000000000000        10.698969999999999       -25.198200000000000     
           1   2.0000000000000000        11.000000000000000       -25.202539999999999     
           1   2.0000000000000000        11.301030000000001       -25.207580000000000     
           1   2.0000000000000000        11.698969999999999       -25.215340000000001     
           1   2.0000000000000000        12.000000000000000       -25.222169999999998     
           1   2.0000000000000000        12.301030000000001       -25.230190000000000     
           1   2.0000000000000000        12.698969999999999       -25.243800000000000     
           1   2.0000000000000000        13.000000000000000       -25.257719999999999     
           1   2.0000000000000000        13.301030000000001       -25.276509999999998     
           1   2.0000000000000000        13.698969999999999       -25.312590000000000     
           1   2.0000000000000000        14.000000000000000       -25.353110000000001     
           1   2.0000000000000000        14.301030000000001       -25.413750000000000     
           1   2.0000000000000000        14.698969999999999       -25.546679999999999     
           1   2.0000000000000000        15.000000000000000       -25.701550000000001     
           1   2.0000000000000000        15.301030000000001       -25.904710000000001     
           1   2.1760899999999999        7.6989700000000001       -25.178930000000001     
           1   2.1760899999999999        8.0000000000000000       -25.179569999999998     
           1   2.1760899999999999        8.3010300000000008       -25.180340000000001     
           1   2.1760899999999999        8.6989699999999992       -25.181600000000000     
           1   2.1760899999999999        9.0000000000000000       -25.182820000000000     
           1   2.1760899999999999        9.3010300000000008       -25.184320000000000     
           1   2.1760899999999999        9.6989699999999992       -25.186810000000001     
           1   2.1760899999999999        10.000000000000000       -25.189119999999999     
           1   2.1760899999999999        10.301030000000001       -25.191890000000001     
           1   2.1760899999999999        10.698969999999999       -25.196390000000001     
           1   2.1760899999999999        11.000000000000000       -25.200530000000001     
           1   2.1760899999999999        11.301030000000001       -25.205330000000000     
           1   2.1760899999999999        11.698969999999999       -25.212769999999999     
           1   2.1760899999999999        12.000000000000000       -25.219320000000000     
           1   2.1760899999999999        12.301030000000001       -25.226980000000001     
           1   2.1760899999999999        12.698969999999999       -25.239889999999999     
           1   2.1760899999999999        13.000000000000000       -25.253029999999999     
           1   2.1760899999999999        13.301030000000001       -25.270769999999999     
           1   2.1760899999999999        13.698969999999999       -25.305019999999999     
           1   2.1760899999999999        14.000000000000000       -25.343599999999999     
           1   2.1760899999999999        14.301030000000001       -25.401230000000002     
           1   2.1760899999999999        14.698969999999999       -25.527989999999999     
           1   2.1760899999999999        15.000000000000000       -25.677240000000001     
           1   2.1760899999999999        15.301030000000001       -25.875330000000002     
           1   2.3010299999999999        7.6989700000000001       -25.185929999999999     
           1   2.3010299999999999        8.0000000000000000       -25.186540000000001     
           1   2.3010299999999999        8.3010300000000008       -25.187259999999998     
           1   2.3010299999999999        8.6989699999999992       -25.188459999999999     
           1   2.3010299999999999        9.0000000000000000       -25.189609999999998     
           1   2.3010299999999999        9.3010300000000008       -25.191030000000001     
           1   2.3010299999999999        9.6989699999999992       -25.193390000000001     
           1   2.3010299999999999        10.000000000000000       -25.195599999999999     
           1   2.3010299999999999        10.301030000000001       -25.198250000000002     
           1   2.3010299999999999        10.698969999999999       -25.202549999999999     
           1   2.3010299999999999        11.000000000000000       -25.206530000000001     
           1   2.3010299999999999        11.301030000000001       -25.211169999999999     
           1   2.3010299999999999        11.698969999999999       -25.218370000000000     
           1   2.3010299999999999        12.000000000000000       -25.224720000000001     
           1   2.3010299999999999        12.301030000000001       -25.232130000000002     
           1   2.3010299999999999        12.698969999999999       -25.244560000000000     
           1   2.3010299999999999        13.000000000000000       -25.257169999999999     
           1   2.3010299999999999        13.301030000000001       -25.274170000000002     
           1   2.3010299999999999        13.698969999999999       -25.307070000000000     
           1   2.3010299999999999        14.000000000000000       -25.344159999999999     
           1   2.3010299999999999        14.301030000000001       -25.399429999999999     
           1   2.3010299999999999        14.698969999999999       -25.521200000000000     
           1   2.3010299999999999        15.000000000000000       -25.665769999999998     
           1   2.3010299999999999        15.301030000000001       -25.859510000000000     
           1   2.4771200000000002        7.6989700000000001       -25.206219999999998     
           1   2.4771200000000002        8.0000000000000000       -25.206790000000002     
           1   2.4771200000000002        8.3010300000000008       -25.207460000000001     
           1   2.4771200000000002        8.6989699999999992       -25.208559999999999     
           1   2.4771200000000002        9.0000000000000000       -25.209630000000001     
           1   2.4771200000000002        9.3010300000000008       -25.210940000000001     
           1   2.4771200000000002        9.6989699999999992       -25.213139999999999     
           1   2.4771200000000002        10.000000000000000       -25.215209999999999     
           1   2.4771200000000002        10.301030000000001       -25.217690000000001     
           1   2.4771200000000002        10.698969999999999       -25.221730000000001     
           1   2.4771200000000002        11.000000000000000       -25.225490000000001     
           1   2.4771200000000002        11.301030000000001       -25.229900000000001     
           1   2.4771200000000002        11.698969999999999       -25.236809999999998     
           1   2.4771200000000002        12.000000000000000       -25.242930000000001     
           1   2.4771200000000002        12.301030000000001       -25.250050000000002     
           1   2.4771200000000002        12.698969999999999       -25.261910000000000     
           1   2.4771200000000002        13.000000000000000       -25.273869999999999     
           1   2.4771200000000002        13.301030000000001       -25.289929999999998     
           1   2.4771200000000002        13.698969999999999       -25.321010000000001     
           1   2.4771200000000002        14.000000000000000       -25.356010000000001     
           1   2.4771200000000002        14.301030000000001       -25.407840000000000     
           1   2.4771200000000002        14.698969999999999       -25.521989999999999     
           1   2.4771200000000002        15.000000000000000       -25.659140000000001     
           1   2.4771200000000002        15.301030000000001       -25.845780000000001     
           1   2.6989700000000001        7.6989700000000001       -25.246739999999999     
           1   2.6989700000000001        8.0000000000000000       -25.247260000000001     
           1   2.6989700000000001        8.3010300000000008       -25.247879999999999     
           1   2.6989700000000001        8.6989699999999992       -25.248880000000000     
           1   2.6989700000000001        9.0000000000000000       -25.249849999999999     
           1   2.6989700000000001        9.3010300000000008       -25.251040000000000     
           1   2.6989700000000001        9.6989699999999992       -25.253060000000001     
           1   2.6989700000000001        10.000000000000000       -25.254960000000001     
           1   2.6989700000000001        10.301030000000001       -25.257249999999999     
           1   2.6989700000000001        10.698969999999999       -25.260999999999999     
           1   2.6989700000000001        11.000000000000000       -25.264500000000002     
           1   2.6989700000000001        11.301030000000001       -25.268650000000001     
           1   2.6989700000000001        11.698969999999999       -25.275230000000001     
           1   2.6989700000000001        12.000000000000000       -25.281110000000002     
           1   2.6989700000000001        12.301030000000001       -25.287960000000002     
           1   2.6989700000000001        12.698969999999999       -25.299250000000001     
           1   2.6989700000000001        13.000000000000000       -25.310530000000000     
           1   2.6989700000000001        13.301030000000001       -25.325559999999999     
           1   2.6989700000000001        13.698969999999999       -25.354530000000000     
           1   2.6989700000000001        14.000000000000000       -25.387000000000000     
           1   2.6989700000000001        14.301030000000001       -25.434529999999999     
           1   2.6989700000000001        14.698969999999999       -25.538650000000001     
           1   2.6989700000000001        15.000000000000000       -25.665440000000000     
           1   2.6989700000000001        15.301030000000001       -25.841680000000000     
           1   2.8451000000000000        7.6989700000000001       -25.278729999999999     
           1   2.8451000000000000        8.0000000000000000       -25.279229999999998     
           1   2.8451000000000000        8.3010300000000008       -25.279810000000001     
           1   2.8451000000000000        8.6989699999999992       -25.280750000000001     
           1   2.8451000000000000        9.0000000000000000       -25.281659999999999     
           1   2.8451000000000000        9.3010300000000008       -25.282779999999999     
           1   2.8451000000000000        9.6989699999999992       -25.284669999999998     
           1   2.8451000000000000        10.000000000000000       -25.286470000000001     
           1   2.8451000000000000        10.301030000000001       -25.288630000000001     
           1   2.8451000000000000        10.698969999999999       -25.292190000000002     
           1   2.8451000000000000        11.000000000000000       -25.295520000000000     
           1   2.8451000000000000        11.301030000000001       -25.299489999999999     
           1   2.8451000000000000        11.698969999999999       -25.305830000000000     
           1   2.8451000000000000        12.000000000000000       -25.311540000000001     
           1   2.8451000000000000        12.301030000000001       -25.318180000000002     
           1   2.8451000000000000        12.698969999999999       -25.329100000000000     
           1   2.8451000000000000        13.000000000000000       -25.339929999999999     
           1   2.8451000000000000        13.301030000000001       -25.354279999999999     
           1   2.8451000000000000        13.698969999999999       -25.381840000000000     
           1   2.8451000000000000        14.000000000000000       -25.412649999999999     
           1   2.8451000000000000        14.301030000000001       -25.457419999999999     
           1   2.8451000000000000        14.698969999999999       -25.554950000000002     
           1   2.8451000000000000        15.000000000000000       -25.674620000000001     
           1   2.8451000000000000        15.301030000000001       -25.843399999999999     
           1   3.0000000000000000        7.6989700000000001       -25.316410000000001     
           1   3.0000000000000000        8.0000000000000000       -25.316870000000002     
           1   3.0000000000000000        8.3010300000000008       -25.317419999999998     
           1   3.0000000000000000        8.6989699999999992       -25.318300000000001     
           1   3.0000000000000000        9.0000000000000000       -25.319140000000001     
           1   3.0000000000000000        9.3010300000000008       -25.320190000000000     
           1   3.0000000000000000        9.6989699999999992       -25.321960000000001     
           1   3.0000000000000000        10.000000000000000       -25.323650000000001     
           1   3.0000000000000000        10.301030000000001       -25.325690000000002     
           1   3.0000000000000000        10.698969999999999       -25.329049999999999     
           1   3.0000000000000000        11.000000000000000       -25.332200000000000     
           1   3.0000000000000000        11.301030000000001       -25.335970000000000     
           1   3.0000000000000000        11.698969999999999       -25.342040000000001     
           1   3.0000000000000000        12.000000000000000       -25.347549999999998     
           1   3.0000000000000000        12.301030000000001       -25.353990000000000     
           1   3.0000000000000000        12.698969999999999       -25.364500000000000     
           1   3.0000000000000000        13.000000000000000       -25.374860000000002     
           1   3.0000000000000000        13.301030000000001       -25.388500000000001     
           1   3.0000000000000000        13.698969999999999       -25.414580000000001     
           1   3.0000000000000000        14.000000000000000       -25.443650000000002     
           1   3.0000000000000000        14.301030000000001       -25.485589999999998     
           1   3.0000000000000000        14.698969999999999       -25.576290000000000     
           1   3.0000000000000000        15.000000000000000       -25.688310000000001     
           1   3.0000000000000000        15.301030000000001       -25.848730000000000     
           1   3.1760899999999999        7.6989700000000001       -25.363180000000000     
           1   3.1760899999999999        8.0000000000000000       -25.363610000000001     
           1   3.1760899999999999        8.3010300000000008       -25.364120000000000     
           1   3.1760899999999999        8.6989699999999992       -25.364940000000001     
           1   3.1760899999999999        9.0000000000000000       -25.365720000000000     
           1   3.1760899999999999        9.3010300000000008       -25.366689999999998     
           1   3.1760899999999999        9.6989699999999992       -25.368330000000000     
           1   3.1760899999999999        10.000000000000000       -25.369900000000001     
           1   3.1760899999999999        10.301030000000001       -25.371810000000000     
           1   3.1760899999999999        10.698969999999999       -25.374949999999998     
           1   3.1760899999999999        11.000000000000000       -25.377900000000000     
           1   3.1760899999999999        11.301030000000001       -25.381460000000001     
           1   3.1760899999999999        11.698969999999999       -25.387219999999999     
           1   3.1760899999999999        12.000000000000000       -25.392499999999998     
           1   3.1760899999999999        12.301030000000001       -25.398679999999999     
           1   3.1760899999999999        12.698969999999999       -25.408750000000001     
           1   3.1760899999999999        13.000000000000000       -25.418600000000001     
           1   3.1760899999999999        13.301030000000001       -25.431460000000001     
           1   3.1760899999999999        13.698969999999999       -25.455890000000000     
           1   3.1760899999999999        14.000000000000000       -25.483049999999999     
           1   3.1760899999999999        14.301030000000001       -25.521950000000000     
           1   3.1760899999999999        14.698969999999999       -25.605229999999999     
           1   3.1760899999999999        15.000000000000000       -25.708590000000001     
           1   3.1760899999999999        15.301030000000001       -25.859130000000000     
           1   3.3010299999999999        7.6989700000000001       -25.398550000000000     
           1   3.3010299999999999        8.0000000000000000       -25.398959999999999     
           1   3.3010299999999999        8.3010300000000008       -25.399450000000002     
           1   3.3010299999999999        8.6989699999999992       -25.400220000000001     
           1   3.3010299999999999        9.0000000000000000       -25.400960000000001     
           1   3.3010299999999999        9.3010300000000008       -25.401879999999998     
           1   3.3010299999999999        9.6989699999999992       -25.403430000000000     
           1   3.3010299999999999        10.000000000000000       -25.404930000000000     
           1   3.3010299999999999        10.301030000000001       -25.406739999999999     
           1   3.3010299999999999        10.698969999999999       -25.409739999999999     
           1   3.3010299999999999        11.000000000000000       -25.412559999999999     
           1   3.3010299999999999        11.301030000000001       -25.415959999999998     
           1   3.3010299999999999        11.698969999999999       -25.421510000000001     
           1   3.3010299999999999        12.000000000000000       -25.426610000000000     
           1   3.3010299999999999        12.301030000000001       -25.432620000000000     
           1   3.3010299999999999        12.698969999999999       -25.442380000000000     
           1   3.3010299999999999        13.000000000000000       -25.451870000000000     
           1   3.3010299999999999        13.301030000000001       -25.464200000000002     
           1   3.3010299999999999        13.698969999999999       -25.487510000000000     
           1   3.3010299999999999        14.000000000000000       -25.513369999999998     
           1   3.3010299999999999        14.301030000000001       -25.550229999999999     
           1   3.3010299999999999        14.698969999999999       -25.628520000000002     
           1   3.3010299999999999        15.000000000000000       -25.725850000000001     
           1   3.3010299999999999        15.301030000000001       -25.869240000000001     
           1   3.4771200000000002        7.6989700000000001       -25.451029999999999     
           1   3.4771200000000002        8.0000000000000000       -25.451419999999999     
           1   3.4771200000000002        8.3010300000000008       -25.451870000000000     
           1   3.4771200000000002        8.6989699999999992       -25.452600000000000     
           1   3.4771200000000002        9.0000000000000000       -25.453279999999999     
           1   3.4771200000000002        9.3010300000000008       -25.454129999999999     
           1   3.4771200000000002        9.6989699999999992       -25.455570000000002     
           1   3.4771200000000002        10.000000000000000       -25.456959999999999     
           1   3.4771200000000002        10.301030000000001       -25.458659999999998     
           1   3.4771200000000002        10.698969999999999       -25.461459999999999     
           1   3.4771200000000002        11.000000000000000       -25.464099999999998     
           1   3.4771200000000002        11.301030000000001       -25.467300000000002     
           1   3.4771200000000002        11.698969999999999       -25.472539999999999     
           1   3.4771200000000002        12.000000000000000       -25.477399999999999     
           1   3.4771200000000002        12.301030000000001       -25.483160000000002     
           1   3.4771200000000002        12.698969999999999       -25.492490000000000     
           1   3.4771200000000002        13.000000000000000       -25.501500000000000     
           1   3.4771200000000002        13.301030000000001       -25.513130000000000     
           1   3.4771200000000002        13.698969999999999       -25.534910000000000     
           1   3.4771200000000002        14.000000000000000       -25.559000000000001     
           1   3.4771200000000002        14.301030000000001       -25.593160000000001     
           1   3.4771200000000002        14.698969999999999       -25.664850000000001     
           1   3.4771200000000002        15.000000000000000       -25.753940000000000     
           1   3.4771200000000002        15.301030000000001       -25.887110000000000     
           1   3.6989700000000001        7.6989700000000001       -25.520910000000001     
           1   3.6989700000000001        8.0000000000000000       -25.521270000000001     
           1   3.6989700000000001        8.3010300000000008       -25.521690000000000     
           1   3.6989700000000001        8.6989699999999992       -25.522359999999999     
           1   3.6989700000000001        9.0000000000000000       -25.522980000000000     
           1   3.6989700000000001        9.3010300000000008       -25.523750000000000     
           1   3.6989700000000001        9.6989699999999992       -25.525060000000000     
           1   3.6989700000000001        10.000000000000000       -25.526330000000002     
           1   3.6989700000000001        10.301030000000001       -25.527889999999999     
           1   3.6989700000000001        10.698969999999999       -25.530470000000001     
           1   3.6989700000000001        11.000000000000000       -25.532900000000001     
           1   3.6989700000000001        11.301030000000001       -25.535850000000000     
           1   3.6989700000000001        11.698969999999999       -25.540730000000000     
           1   3.6989700000000001        12.000000000000000       -25.545290000000001     
           1   3.6989700000000001        12.301030000000001       -25.550719999999998     
           1   3.6989700000000001        12.698969999999999       -25.559539999999998     
           1   3.6989700000000001        13.000000000000000       -25.567969999999999     
           1   3.6989700000000001        13.301030000000001       -25.578759999999999     
           1   3.6989700000000001        13.698969999999999       -25.598759999999999     
           1   3.6989700000000001        14.000000000000000       -25.620740000000001     
           1   3.6989700000000001        14.301030000000001       -25.651750000000000     
           1   3.6989700000000001        14.698969999999999       -25.715869999999999     
           1   3.6989700000000001        15.000000000000000       -25.795140000000000     
           1   3.6989700000000001        15.301030000000001       -25.915450000000000     
           1   3.8451000000000000        7.6989700000000001       -25.568909999999999     
           1   3.8451000000000000        8.0000000000000000       -25.569250000000000     
           1   3.8451000000000000        8.3010300000000008       -25.569649999999999     
           1   3.8451000000000000        8.6989699999999992       -25.570280000000000     
           1   3.8451000000000000        9.0000000000000000       -25.570869999999999     
           1   3.8451000000000000        9.3010300000000008       -25.571590000000000     
           1   3.8451000000000000        9.6989699999999992       -25.572820000000000     
           1   3.8451000000000000        10.000000000000000       -25.574020000000001     
           1   3.8451000000000000        10.301030000000001       -25.575500000000002     
           1   3.8451000000000000        10.698969999999999       -25.577940000000002     
           1   3.8451000000000000        11.000000000000000       -25.580240000000000     
           1   3.8451000000000000        11.301030000000001       -25.583050000000000     
           1   3.8451000000000000        11.698969999999999       -25.587689999999998     
           1   3.8451000000000000        12.000000000000000       -25.592050000000000     
           1   3.8451000000000000        12.301030000000001       -25.597270000000002     
           1   3.8451000000000000        12.698969999999999       -25.605760000000000     
           1   3.8451000000000000        13.000000000000000       -25.613840000000000     
           1   3.8451000000000000        13.301030000000001       -25.624120000000001     
           1   3.8451000000000000        13.698969999999999       -25.643010000000000     
           1   3.8451000000000000        14.000000000000000       -25.663679999999999     
           1   3.8451000000000000        14.301030000000001       -25.692769999999999     
           1   3.8451000000000000        14.698969999999999       -25.752369999999999     
           1   3.8451000000000000        15.000000000000000       -25.825600000000001     
           1   3.8451000000000000        15.301030000000001       -25.937609999999999     
           1   4.0000000000000000        7.6989700000000001       -25.621279999999999     
           1   4.0000000000000000        8.0000000000000000       -25.621600000000001     
           1   4.0000000000000000        8.3010300000000008       -25.621980000000001     
           1   4.0000000000000000        8.6989699999999992       -25.622579999999999     
           1   4.0000000000000000        9.0000000000000000       -25.623130000000000     
           1   4.0000000000000000        9.3010300000000008       -25.623809999999999     
           1   4.0000000000000000        9.6989699999999992       -25.624960000000002     
           1   4.0000000000000000        10.000000000000000       -25.626090000000001     
           1   4.0000000000000000        10.301030000000001       -25.627469999999999     
           1   4.0000000000000000        10.698969999999999       -25.629780000000000     
           1   4.0000000000000000        11.000000000000000       -25.631959999999999     
           1   4.0000000000000000        11.301030000000001       -25.634609999999999     
           1   4.0000000000000000        11.698969999999999       -25.639009999999999     
           1   4.0000000000000000        12.000000000000000       -25.643170000000001     
           1   4.0000000000000000        12.301030000000001       -25.648170000000000     
           1   4.0000000000000000        12.698969999999999       -25.656320000000001     
           1   4.0000000000000000        13.000000000000000       -25.664040000000000     
           1   4.0000000000000000        13.301030000000001       -25.673800000000000     
           1   4.0000000000000000        13.698969999999999       -25.691610000000001     
           1   4.0000000000000000        14.000000000000000       -25.710970000000000     
           1   4.0000000000000000        14.301030000000001       -25.738140000000001     
           1   4.0000000000000000        14.698969999999999       -25.793320000000001     
           1   4.0000000000000000        15.000000000000000       -25.860569999999999     
           1   4.0000000000000000        15.301030000000001       -25.964009999999998     
